[1164395917, 1]
[1164395917, 1284712472]
[1164395917, 847154448]
[1164395917, 847154448]
[1164395917, 681309508]
[1164395917, 681309508]
[1164395917, 382941071]
[1164395917, 847154448]
[1164395917, 681309508]
[1164395917, 847154448]
[1164395917, 847154448]
[1164395917, 847154448]
[1164395917, 382941071]
[1164395917, 382941071]
[1164395917, 8130950]
[1164395917, 68130950]
[1164395917, 382941071]
[1164395917, 1]
[1164395917, 47154446813095038294]
[1164395917, 382941071]
[1164395917, 1213750305]
[1164395917, 57028950]
[1164395917, 4715444]
[1164395917, 71544481309508294]
[1164395917, 4715444]
[1164395917, 3829410]
[1164395917, 382941071]
[1164395917, 847154448]
[1164395917, 1315089359]
[1164395917, 1154859794]
[1164395917, 382941071]
[1164395917, 847154448]
[1164395917, 382941071]
[1164395917, 681309508]
[1164395917, 847154448]
[1164395917, 681309508]
[1164395917, 382941071]
[1164395917, 847154448]
[1164395917, 847154448]
[1164395917, 681309508]
[1164395917, 3829410]
[1164395917, 681309508]
[1164395917, 847154448]
[1164395917, 382941071]
[1164395917, 382941071]
[1164395917, 382941071]
[1164395917, 681309508]
[1164395917, 382941071]
[1164395917, 382941071]
[1164395917, 847154448]
[1164395917, 382941071]
[1164395917, 681309508]
[1164395917, 382941071]
[1164395917, 847154448]
[1164395917, 847154448]
[1164395917, 847154448]
[1164395917, 681309508]
[1164395917, 681309508]
[1164395917, 681309508]
[1164395917, 382941071]
[1164395917, 847154448]
[1164395917, 847154448]
[1164395917, 681309508]
[1164395917, 382941071]
[1164395917, 382941071]
[1164395917, 847154448]
[1164395917, 681309508]
[1164395917, 382941071]
[1164395917, 681309508]
[1164395917, 382941071]
[1164395917, 847154448]
[1164395917, 847154448]
[1164395917, 847154448]
[1164395917, 847154448]
[1164395917, 847154448]
[1164395917, 681309508]
[1164395917, 681309508]
[1164395917, 382941071]
[1164395917, 681309508]
[1164395917, 681309508]
[1164395917, 681309508]
[1164395917, 382941071]
[1164395917, 382941071]
[1164395917, 382941071]
[1164395917, 382941071]
[1164395917, 382941071]
[1164395917, 847154448]
[1164395917, 847154448]
[1164395917, 382941071]
[1164395917, 681309508]
[1164395917, 847154448]
[1164395917, 847154448]
[1164395917, 382941071]
[1164395917, 681309508]
